DAVE'S:

sage: load("23-ntru-pubkey1.sage")
sage: p
3
sage: q
31
sage: N
23
sage: h
-2*x^22 + 5*x^21 + 7*x^20 + 14*x^19 + 5*x^18 - 3*x^17 + 15*x^16 + 2*x^15 - 2*x^14 + 9*x^13 - x^12 - 14*x^11 - 4*x^10 - x^9 - 5*x^8 + 5*x^7 - 7*x^6 + 9*x^5 + 13*x^4 - 15*x^3 + 11*x^2 - 9*x + 10
sage: load("23-ntru-example01-lattice.sage")
sage: print(breakingntru_23)
[ 1  0  0  0  0  0  0  0  0  0  0  0  0  0  0  0  0  0  0  0  0  0  0 24 28 14 26 25  3  8 12 19 10  9 16 10  3 20 11  5 30 12 15 23 12 20]
[ 0  1  0  0  0  0  0  0  0  0  0  0  0  0  0  0  0  0  0  0  0  0  0 20 24 28 14 26 25  3  8 12 19 10  9 16 10  3 20 11  5 30 12 15 23 12]
[ 0  0  1  0  0  0  0  0  0  0  0  0  0  0  0  0  0  0  0  0  0  0  0 12 20 24 28 14 26 25  3  8 12 19 10  9 16 10  3 20 11  5 30 12 15 23]
[ 0  0  0  1  0  0  0  0  0  0  0  0  0  0  0  0  0  0  0  0  0  0  0 23 12 20 24 28 14 26 25  3  8 12 19 10  9 16 10  3 20 11  5 30 12 15]
[ 0  0  0  0  1  0  0  0  0  0  0  0  0  0  0  0  0  0  0  0  0  0  0 15 23 12 20 24 28 14 26 25  3  8 12 19 10  9 16 10  3 20 11  5 30 12]
[ 0  0  0  0  0  1  0  0  0  0  0  0  0  0  0  0  0  0  0  0  0  0  0 12 15 23 12 20 24 28 14 26 25  3  8 12 19 10  9 16 10  3 20 11  5 30]
[ 0  0  0  0  0  0  1  0  0  0  0  0  0  0  0  0  0  0  0  0  0  0  0 30 12 15 23 12 20 24 28 14 26 25  3  8 12 19 10  9 16 10  3 20 11  5]
[ 0  0  0  0  0  0  0  1  0  0  0  0  0  0  0  0  0  0  0  0  0  0  0  5 30 12 15 23 12 20 24 28 14 26 25  3  8 12 19 10  9 16 10  3 20 11]
[ 0  0  0  0  0  0  0  0  1  0  0  0  0  0  0  0  0  0  0  0  0  0  0 11  5 30 12 15 23 12 20 24 28 14 26 25  3  8 12 19 10  9 16 10  3 20]
[ 0  0  0  0  0  0  0  0  0  1  0  0  0  0  0  0  0  0  0  0  0  0  0 20 11  5 30 12 15 23 12 20 24 28 14 26 25  3  8 12 19 10  9 16 10  3]
[ 0  0  0  0  0  0  0  0  0  0  1  0  0  0  0  0  0  0  0  0  0  0  0  3 20 11  5 30 12 15 23 12 20 24 28 14 26 25  3  8 12 19 10  9 16 10]
[ 0  0  0  0  0  0  0  0  0  0  0  1  0  0  0  0  0  0  0  0  0  0  0 10  3 20 11  5 30 12 15 23 12 20 24 28 14 26 25  3  8 12 19 10  9 16]
[ 0  0  0  0  0  0  0  0  0  0  0  0  1  0  0  0  0  0  0  0  0  0  0 16 10  3 20 11  5 30 12 15 23 12 20 24 28 14 26 25  3  8 12 19 10  9]
[ 0  0  0  0  0  0  0  0  0  0  0  0  0  1  0  0  0  0  0  0  0  0  0  9 16 10  3 20 11  5 30 12 15 23 12 20 24 28 14 26 25  3  8 12 19 10]
[ 0  0  0  0  0  0  0  0  0  0  0  0  0  0  1  0  0  0  0  0  0  0  0 10  9 16 10  3 20 11  5 30 12 15 23 12 20 24 28 14 26 25  3  8 12 19]
[ 0  0  0  0  0  0  0  0  0  0  0  0  0  0  0  1  0  0  0  0  0  0  0 19 10  9 16 10  3 20 11  5 30 12 15 23 12 20 24 28 14 26 25  3  8 12]
[ 0  0  0  0  0  0  0  0  0  0  0  0  0  0  0  0  1  0  0  0  0  0  0 12 19 10  9 16 10  3 20 11  5 30 12 15 23 12 20 24 28 14 26 25  3  8]
[ 0  0  0  0  0  0  0  0  0  0  0  0  0  0  0  0  0  1  0  0  0  0  0  8 12 19 10  9 16 10  3 20 11  5 30 12 15 23 12 20 24 28 14 26 25  3]
[ 0  0  0  0  0  0  0  0  0  0  0  0  0  0  0  0  0  0  1  0  0  0  0  3  8 12 19 10  9 16 10  3 20 11  5 30 12 15 23 12 20 24 28 14 26 25]
[ 0  0  0  0  0  0  0  0  0  0  0  0  0  0  0  0  0  0  0  1  0  0  0 25  3  8 12 19 10  9 16 10  3 20 11  5 30 12 15 23 12 20 24 28 14 26]
[ 0  0  0  0  0  0  0  0  0  0  0  0  0  0  0  0  0  0  0  0  1  0  0 26 25  3  8 12 19 10  9 16 10  3 20 11  5 30 12 15 23 12 20 24 28 14]
[ 0  0  0  0  0  0  0  0  0  0  0  0  0  0  0  0  0  0  0  0  0  1  0 14 26 25  3  8 12 19 10  9 16 10  3 20 11  5 30 12 15 23 12 20 24 28]
[ 0  0  0  0  0  0  0  0  0  0  0  0  0  0  0  0  0  0  0  0  0  0  1 28 14 26 25  3  8 12 19 10  9 16 10  3 20 11  5 30 12 15 23 12 20 24]
[ 0  0  0  0  0  0  0  0  0  0  0  0  0  0  0  0  0  0  0  0  0  0  0 31  0  0  0  0  0  0  0  0  0  0  0  0  0  0  0  0  0  0  0  0  0  0]
[ 0  0  0  0  0  0  0  0  0  0  0  0  0  0  0  0  0  0  0  0  0  0  0  0 31  0  0  0  0  0  0  0  0  0  0  0  0  0  0  0  0  0  0  0  0  0]
[ 0  0  0  0  0  0  0  0  0  0  0  0  0  0  0  0  0  0  0  0  0  0  0  0  0 31  0  0  0  0  0  0  0  0  0  0  0  0  0  0  0  0  0  0  0  0]
[ 0  0  0  0  0  0  0  0  0  0  0  0  0  0  0  0  0  0  0  0  0  0  0  0  0  0 31  0  0  0  0  0  0  0  0  0  0  0  0  0  0  0  0  0  0  0]
[ 0  0  0  0  0  0  0  0  0  0  0  0  0  0  0  0  0  0  0  0  0  0  0  0  0  0  0 31  0  0  0  0  0  0  0  0  0  0  0  0  0  0  0  0  0  0]
[ 0  0  0  0  0  0  0  0  0  0  0  0  0  0  0  0  0  0  0  0  0  0  0  0  0  0  0  0 31  0  0  0  0  0  0  0  0  0  0  0  0  0  0  0  0  0]
[ 0  0  0  0  0  0  0  0  0  0  0  0  0  0  0  0  0  0  0  0  0  0  0  0  0  0  0  0  0 31  0  0  0  0  0  0  0  0  0  0  0  0  0  0  0  0]
[ 0  0  0  0  0  0  0  0  0  0  0  0  0  0  0  0  0  0  0  0  0  0  0  0  0  0  0  0  0  0 31  0  0  0  0  0  0  0  0  0  0  0  0  0  0  0]
[ 0  0  0  0  0  0  0  0  0  0  0  0  0  0  0  0  0  0  0  0  0  0  0  0  0  0  0  0  0  0  0 31  0  0  0  0  0  0  0  0  0  0  0  0  0  0]
[ 0  0  0  0  0  0  0  0  0  0  0  0  0  0  0  0  0  0  0  0  0  0  0  0  0  0  0  0  0  0  0  0 31  0  0  0  0  0  0  0  0  0  0  0  0  0]
[ 0  0  0  0  0  0  0  0  0  0  0  0  0  0  0  0  0  0  0  0  0  0  0  0  0  0  0  0  0  0  0  0  0 31  0  0  0  0  0  0  0  0  0  0  0  0]
[ 0  0  0  0  0  0  0  0  0  0  0  0  0  0  0  0  0  0  0  0  0  0  0  0  0  0  0  0  0  0  0  0  0  0 31  0  0  0  0  0  0  0  0  0  0  0]
[ 0  0  0  0  0  0  0  0  0  0  0  0  0  0  0  0  0  0  0  0  0  0  0  0  0  0  0  0  0  0  0  0  0  0  0 31  0  0  0  0  0  0  0  0  0  0]
[ 0  0  0  0  0  0  0  0  0  0  0  0  0  0  0  0  0  0  0  0  0  0  0  0  0  0  0  0  0  0  0  0  0  0  0  0 31  0  0  0  0  0  0  0  0  0]
[ 0  0  0  0  0  0  0  0  0  0  0  0  0  0  0  0  0  0  0  0  0  0  0  0  0  0  0  0  0  0  0  0  0  0  0  0  0 31  0  0  0  0  0  0  0  0]
[ 0  0  0  0  0  0  0  0  0  0  0  0  0  0  0  0  0  0  0  0  0  0  0  0  0  0  0  0  0  0  0  0  0  0  0  0  0  0 31  0  0  0  0  0  0  0]
[ 0  0  0  0  0  0  0  0  0  0  0  0  0  0  0  0  0  0  0  0  0  0  0  0  0  0  0  0  0  0  0  0  0  0  0  0  0  0  0 31  0  0  0  0  0  0]
[ 0  0  0  0  0  0  0  0  0  0  0  0  0  0  0  0  0  0  0  0  0  0  0  0  0  0  0  0  0  0  0  0  0  0  0  0  0  0  0  0 31  0  0  0  0  0]
[ 0  0  0  0  0  0  0  0  0  0  0  0  0  0  0  0  0  0  0  0  0  0  0  0  0  0  0  0  0  0  0  0  0  0  0  0  0  0  0  0  0 31  0  0  0  0]
[ 0  0  0  0  0  0  0  0  0  0  0  0  0  0  0  0  0  0  0  0  0  0  0  0  0  0  0  0  0  0  0  0  0  0  0  0  0  0  0  0  0  0 31  0  0  0]
[ 0  0  0  0  0  0  0  0  0  0  0  0  0  0  0  0  0  0  0  0  0  0  0  0  0  0  0  0  0  0  0  0  0  0  0  0  0  0  0  0  0  0  0 31  0  0]
[ 0  0  0  0  0  0  0  0  0  0  0  0  0  0  0  0  0  0  0  0  0  0  0  0  0  0  0  0  0  0  0  0  0  0  0  0  0  0  0  0  0  0  0  0 31  0]
[ 0  0  0  0  0  0  0  0  0  0  0  0  0  0  0  0  0  0  0  0  0  0  0  0  0  0  0  0  0  0  0  0  0  0  0  0  0  0  0  0  0  0  0  0  0 31]
sage: res = breakingntru_23.LLL()
sage: print(res)
______________________________________________________________________---------------------------------------------------------------------
[ 3  0  0  0  0  0  0  0  0  0  0  0  1 -3  0 -3  0  0  3 -3  0  0  0  0  0  0  0  0  0  0  0  0  0  0  0  0 -1  1  0  0  0  0  1  1  1  0]YES
[ 0  3  0  0  0  0  0  0  0  0  0  0  0  1 -3  0 -3  0  0  3 -3  0  0  0  0  0  0  0  0  0  0  0  0  0  0  0  0 -1  1  0  0  0  0  1  1  1]YES
[ 0  0  0  0  0  0  0 -1  3  0  3  0  0 -3  3  0  0  0 -3  0  0  0  0  0  0  0  0  0  0  0  0  1 -1  0  0  0  0 -1 -1 -1  0  0  0  0  0  0]YES
[ 0  0  0  0  0 -1  3  0  3  0  0 -3  3  0  0  0 -3  0  0  0  0  0  0  0  0  0  0  0  0  1 -1  0  0  0  0 -1 -1 -1  0  0  0  0  0  0  0  0]YES
[-3  0 -3  0  0  3 -3  0  0  0  3  0  0  0  0  0  0  0  0  0  0  0  1 -1  1  0  0  0  0  1  1  1  0  0  0  0  0  0  0  0  0  0  0  0  0  0]YES
[ 0  0  0  0  0  0  0  0  0 -1  3  0  3  0  0 -3  3  0  0  0 -3  0  0  0  0  0  0  0  0  0  0  0  0  1 -1  0  0  0  0 -1 -1 -1  0  0  0  0]YES
[ 0  0  3 -3  0  0  0  3  0  0  0  0  0  0  0  0  0  0  0  1 -3  0 -3  0  0  0  1  1  1  0  0  0  0  0  0  0  0  0  0  0  0  0  0 -1  1  0]YES
[ 0  0  0  0  0  0  0  0  0  0  0 -1  3  0  3  0  0 -3  3  0  0  0 -3  0  0  0  0  0  0  0  0  0  0  0  0  1 -1  0  0  0  0 -1 -1 -1  0  0]YES
[ 0  0  0  0  0  0  1 -3  0 -3  0  0  3 -3  0  0  0  3  0  0  0  0  0  0  0  0  0  0  0  0 -1  1  0  0  0  0  1  1  1  0  0  0  0  0  0  0]YES
[ 0  0  0  1 -3  0 -3  0  0  3 -3  0  0  0  3  0  0  0  0  0  0  0  0  0  0  0  0 -1  1  0  0  0  0  1  1  1  0  0  0  0  0  0  0  0  0  0]YES
[ 0  0 -1  3  0  3  0  0 -3  3  0  0  0 -3  0  0  0  0  0  0  0  0  0  0  0  0  1 -1  0  0  0  0 -1 -1 -1  0  0  0  0  0  0  0  0  0  0  0]YES
[ 3 -3  0  0  0  3  0  0  0  0  0  0  0  0  0  0  0  1 -3  0 -3  0  0  0  1  1  1  0  0  0  0  0  0  0  0  0  0  0  0  0  0 -1  1  0  0  0]YES
[-1  3  0  3  0  0 -3  3  0  0  0 -3  0  0  0  0  0  0  0  0  0  0  0  0  1 -1  0  0  0  0 -1 -1 -1  0  0  0  0  0  0  0  0  0  0  0  0  0]YES
[ 0  0  0  0  0  0  0  0 -1  3  0  3  0  0 -3  3  0  0  0 -3  0  0  0  0  0  0  0  0  0  0  0  0  1 -1  0  0  0  0 -1 -1 -1  0  0  0  0  0]YES
[ 0  0  3  0  0  0  0  0  0  0  0  0  0  0  1 -3  0 -3  0  0  3 -3  0  1  0  0  0  0  0  0  0  0  0  0  0  0  0  0 -1  1  0  0  0  0  1  1]YES
[ 3  0  0 -3  3  0  0  0 -3  0  0  0  0  0  0  0  0  0  0  0 -1  3  0  0  0  0  0 -1 -1 -1  0  0  0  0  0  0  0  0  0  0  0  0  0  0  1 -1]YES
[ 0  0  0 -3  0  0  0  0  0  0  0  0  0  0  0 -1  3  0  3  0  0 -3  3 -1 -1  0  0  0  0  0  0  0  0  0  0  0  0  0  0  1 -1  0  0  0  0 -1]YES
[-3  0  0  0  3  0  0  0  0  0  0  0  0  0  0  0  1 -3  0 -3  0  0  3  1  1  1  0  0  0  0  0  0  0  0  0  0  0  0  0  0 -1  1  0  0  0  0]YES
[ 0  0  0  0  0  0  0  0  0  0 -1  3  0  3  0  0 -3  3  0  0  0 -3  0  0  0  0  0  0  0  0  0  0  0  0  1 -1  0  0  0  0 -1 -1 -1  0  0  0]YES
[ 0  0  0  0  1 -3  0 -3  0  0  3 -3  0  0  0  3  0  0  0  0  0  0  0  0  0  0  0  0 -1  1  0  0  0  0  1  1  1  0  0  0  0  0  0  0  0  0]YES
[-2  0  3 -2 -5 -3  0 -2 -3 -1  0  1  0  2  0  1  3  2  0 -2  0  2  0  0 -1  0  0  0  0  0  0  0  2  2  1  1  2  2  0 -1  0  1  0 -1  0  1]NO
[ 0  1 -3  0 -3  0  0  3 -3  0  0  0  3  0  0  0  0  0  0  0  0  0  0  0  0 -1  1  0  0  0  0  1  1  1  0  0  0  0  0  0  0  0  0  0  0  0]YES
[ 0  3 -3  0  0  0  3  0  0  0  0  0  0  0  0  0  0  0  1 -3  0 -3  0  0  0  1  1  1  0  0  0  0  0  0  0  0  0  0  0  0  0  0 -1  1  0  0]YES
[ 0  3  0  0  3 -2  2 -2  0  1  0  2  0  0  2  3  2 -1  0  1  1  2  0  2 -2 -2  0 -1 -2 -1  1  1 -2 -1  1 -1 -1 -2  1  1 -4  0  1  1 -1  1]NO
[ 3  2  0  0  1 -1 -1  0  0  0  0  3  0  1  2 -1  0  1 -3  2  0  3 -1  2  2 -4 -1  2  1 -2  2  2 -1 -1  1  0 -1  0  1  0 -1 -1  1 -1 -1 -1]NO
[ 4  2 -2  2  3 -3  3 -1  0  0 -2 -2  0 -3  0  0 -3 -2 -2 -1 -2 -2  2 -1 -1  1 -1 -2  0  1 -2  0  0 -1 -1 -1  1 -1 -1  2  1  1 -1  0  4  0]NO
[ 0  0  0  0 -2  1  0 -1  0  0  0 -2  0  0 -1 -2  0 -1 -7  1 -1  0  0  3  0  1  2 -1 -1 -1  1  1 -1  3  1  1  0 -3  3  0 -2 -1  1 -1 -1  2]NO
[ 2  2  0  1  0  0  0  2 -1  3  2  2  0 -1  1  2  1 -3  0  0 -3  3  0  1  1  1 -1 -1  1 -3 -1 -1  1  2 -4  1  2  0 -1  0  1 -1 -2  1  0 -1]NO
[-1  3  2  0  0  1 -1 -1  1 -3  0 -3  3  0  4 -1 -1  0  1  0  2  0  3 -1  2  2 -4 -1  2  1 -2  2  1  0 -1  1  0 -1  1  2  1 -1 -1  1 -1 -1]NO
[ 1  0  0  1 -1 -1  1 -1  2  0 -4  1  5 -2  0  0  0  0  3  0  2  2  0 -1 -1  1 -3 -2  0  1  1 -3  1  3  1  0  1  2  0 -2  1  0 -1  1  1  1]NO
[ 0  0  1 -1 -1  3 -2  0  2  1  3 -1  0  2  0  3 -2 -1 -1  1  0  0 -2  0  1 -1  1  2  1  0  0  2 -1 -2  0  2  2 -4 -1  3  2 -1  2  1  0 -1]NO
[ 1 -3  0  0 -3  3  0  2  2  0  1  0  0  0  2 -1  3  2  2  0 -1  1  2  0  1 -1 -2  1  0 -1  1  1  1 -1 -1  1 -3 -1 -1  1  2 -4  1  2  0 -1]NO
[-4  1  1  3 -1  0 -2  0 -3  0  0 -1  0  0 -4 -1  1  2 -3  0  0  0  0  2  0 -2 -1  1  1 -1  1  1  1 -1 -3  3  2 -2 -1  0 -2 -1  1  2 -1  1]NO
[ 0 -2 -3 -2  0  3 -1  1  1  0  0  0  0 -3  0 -1 -2  2 -3 -1  0 -2  0  1  2 -1 -1  4  1 -2 -1  2 -2 -2  1  1 -1  0  1  0 -1 -1  2  1 -1  1]NO
[ 1  1  0  0  0  0 -3  0 -1 -2  1  0 -1  3 -2  0 -3  1 -3 -2  0  0 -1 -1  2 -2 -2  1  1 -1  0  1  0 -1  0  1  1 -1  1  1  1 -2 -2  4  1 -2]NO
[ 1  0 -1 -1 -2  0  0 -3  0  0 -3  2 -2  2  0 -1  0 -2  0  0 -2 -3 -2  4  0 -1 -1  1 -1 -2  2  2  0  1  2  1 -1 -1  2  1 -1  1  1  2 -1 -1]NO
[ 2  0  1  0  0  0  2  0  0  1  2  0  2  4 -1 -2  0  0  3 -3  0  0  2  1  1 -1 -1  1 -3 -1 -1  0  3 -3  0  2  0  0  1  1 -2 -3  1  0 -1  1]NO
[ 1 -2  0  4 -1 -4 -1  0 -3  0 -1  3 -3  1 -2  0 -1  3  0 -1  1 -2 -1 -1  3 -1 -3 -1  0 -2 -1  0  2 -1  1  1  0  0 -1  1  0 -2  2  2  0 -1]NO
[ 0  0  0 -3  0 -2 -2  0 -1  0  0 -1  1  1 -1  1 -2  0  4 -1 -5  2  0  0  2 -1  0  1 -1 -1 -1  1  1 -1  3  2  0 -1 -1  3 -1 -3 -1  0 -1 -2]NO
[ 0 -4  1 -2  0 -1  0 -2 -1  0  1  0 -2  0 -3  1  4  1  2  0  0  0  0 -1  0 -1 -2 -1  1  1 -1  1  2  0 -2 -2  4  1 -3 -1  0 -2 -1  0  1 -2]NO
[ 3 -2  0 -3  1 -3 -2  0  0 -1  1  1  0  0  0  0 -3  0 -1 -2  1  0 -1  1 -1  1  1  1 -2 -2  4  1 -2 -1  2 -2 -2  1  1 -1  0  1  0 -1  0  1]NO
[ 1 -2  0  3  0  0  1  1 -1 -1 -3 -2  2  2  1  2  2  4 -1  2  3 -4  1  0  2  1  0 -2  1  0 -3  0  1  1 -1 -1  3 -1 -1  1  1  1 -4 -1  1  0]NO
[-3 -2  0  2  0  2  2  4  2 -1  0 -1  1  4 -2 -3  3  0  0  0  4 -1  2  1 -1 -1  1 -1 -1  0  1  1 -3  0  1 -1 -1  2  1  0 -2  1  0 -2 -1  1]NO
[ 2  0  3 -1  3  2  0  0  1 -1 -1  0  0  0  0  3  0  1  2 -1  0  1 -3  1 -1 -1 -1  2  2 -4 -1  2  1 -2  2  2 -1 -1  1  0 -1  0  1  0 -1 -1]NO
[-1 -3  1  0 -2  0 -3  2  1  1 -1  0  0  2  0  0 -1  1  1 -3  2  0 -2  1  2  0 -2 -2  4  1 -3 -2  1 -2 -1  0  1  0 -1  1 -1 -2 -1  0  0 -2]NO
[ 0 -1  2 -2 -1  0  0  3  0 -3 -4  1  1  3 -1  0 -2  0 -3  1 -3 -2  0  1 -2 -1  1 -1 -1  0  1 -1  1  2  0 -2 -1  1  1 -1  1  1  1 -2 -2  4]NO

Dave's private key =

---------------------------------------------------------------------------------------------------------------------------------------------------------------------------------------
FRANK'S:

sage: load("23-ntru-pubkey2.sage")
sage: p
3
sage: q
31
sage: N
23
sage: h
-15*x^22 - 15*x^21 - 12*x^20 - 14*x^19 + 4*x^18 + 11*x^17 - 9*x^16 + 12*x^15 - 11*x^14 + 2*x^12 + 10*x^11 + 13*x^10 - 3*x^9 + 7*x^8 - 5*x^6 + 5*x^5 + 7*x^4 - 4*x^3 + 12*x^2 - 3*x - 12
sage: load("23-ntru-example01-lattice.sage")
sage: print(breakingntru_23)
[ 1  0  0  0  0  0  0  0  0  0  0  0  0  0  0  0  0  0  0  0  0  0  0 24 28 14 26 25  3  8 12 19 10  9 16 10  3 20 11  5 30 12 15 23 12 20]
[ 0  1  0  0  0  0  0  0  0  0  0  0  0  0  0  0  0  0  0  0  0  0  0 20 24 28 14 26 25  3  8 12 19 10  9 16 10  3 20 11  5 30 12 15 23 12]
[ 0  0  1  0  0  0  0  0  0  0  0  0  0  0  0  0  0  0  0  0  0  0  0 12 20 24 28 14 26 25  3  8 12 19 10  9 16 10  3 20 11  5 30 12 15 23]
[ 0  0  0  1  0  0  0  0  0  0  0  0  0  0  0  0  0  0  0  0  0  0  0 23 12 20 24 28 14 26 25  3  8 12 19 10  9 16 10  3 20 11  5 30 12 15]
[ 0  0  0  0  1  0  0  0  0  0  0  0  0  0  0  0  0  0  0  0  0  0  0 15 23 12 20 24 28 14 26 25  3  8 12 19 10  9 16 10  3 20 11  5 30 12]
[ 0  0  0  0  0  1  0  0  0  0  0  0  0  0  0  0  0  0  0  0  0  0  0 12 15 23 12 20 24 28 14 26 25  3  8 12 19 10  9 16 10  3 20 11  5 30]
[ 0  0  0  0  0  0  1  0  0  0  0  0  0  0  0  0  0  0  0  0  0  0  0 30 12 15 23 12 20 24 28 14 26 25  3  8 12 19 10  9 16 10  3 20 11  5]
[ 0  0  0  0  0  0  0  1  0  0  0  0  0  0  0  0  0  0  0  0  0  0  0  5 30 12 15 23 12 20 24 28 14 26 25  3  8 12 19 10  9 16 10  3 20 11]
[ 0  0  0  0  0  0  0  0  1  0  0  0  0  0  0  0  0  0  0  0  0  0  0 11  5 30 12 15 23 12 20 24 28 14 26 25  3  8 12 19 10  9 16 10  3 20]
[ 0  0  0  0  0  0  0  0  0  1  0  0  0  0  0  0  0  0  0  0  0  0  0 20 11  5 30 12 15 23 12 20 24 28 14 26 25  3  8 12 19 10  9 16 10  3]
[ 0  0  0  0  0  0  0  0  0  0  1  0  0  0  0  0  0  0  0  0  0  0  0  3 20 11  5 30 12 15 23 12 20 24 28 14 26 25  3  8 12 19 10  9 16 10]
[ 0  0  0  0  0  0  0  0  0  0  0  1  0  0  0  0  0  0  0  0  0  0  0 10  3 20 11  5 30 12 15 23 12 20 24 28 14 26 25  3  8 12 19 10  9 16]
[ 0  0  0  0  0  0  0  0  0  0  0  0  1  0  0  0  0  0  0  0  0  0  0 16 10  3 20 11  5 30 12 15 23 12 20 24 28 14 26 25  3  8 12 19 10  9]
[ 0  0  0  0  0  0  0  0  0  0  0  0  0  1  0  0  0  0  0  0  0  0  0  9 16 10  3 20 11  5 30 12 15 23 12 20 24 28 14 26 25  3  8 12 19 10]
[ 0  0  0  0  0  0  0  0  0  0  0  0  0  0  1  0  0  0  0  0  0  0  0 10  9 16 10  3 20 11  5 30 12 15 23 12 20 24 28 14 26 25  3  8 12 19]
[ 0  0  0  0  0  0  0  0  0  0  0  0  0  0  0  1  0  0  0  0  0  0  0 19 10  9 16 10  3 20 11  5 30 12 15 23 12 20 24 28 14 26 25  3  8 12]
[ 0  0  0  0  0  0  0  0  0  0  0  0  0  0  0  0  1  0  0  0  0  0  0 12 19 10  9 16 10  3 20 11  5 30 12 15 23 12 20 24 28 14 26 25  3  8]
[ 0  0  0  0  0  0  0  0  0  0  0  0  0  0  0  0  0  1  0  0  0  0  0  8 12 19 10  9 16 10  3 20 11  5 30 12 15 23 12 20 24 28 14 26 25  3]
[ 0  0  0  0  0  0  0  0  0  0  0  0  0  0  0  0  0  0  1  0  0  0  0  3  8 12 19 10  9 16 10  3 20 11  5 30 12 15 23 12 20 24 28 14 26 25]
[ 0  0  0  0  0  0  0  0  0  0  0  0  0  0  0  0  0  0  0  1  0  0  0 25  3  8 12 19 10  9 16 10  3 20 11  5 30 12 15 23 12 20 24 28 14 26]
[ 0  0  0  0  0  0  0  0  0  0  0  0  0  0  0  0  0  0  0  0  1  0  0 26 25  3  8 12 19 10  9 16 10  3 20 11  5 30 12 15 23 12 20 24 28 14]
[ 0  0  0  0  0  0  0  0  0  0  0  0  0  0  0  0  0  0  0  0  0  1  0 14 26 25  3  8 12 19 10  9 16 10  3 20 11  5 30 12 15 23 12 20 24 28]
[ 0  0  0  0  0  0  0  0  0  0  0  0  0  0  0  0  0  0  0  0  0  0  1 28 14 26 25  3  8 12 19 10  9 16 10  3 20 11  5 30 12 15 23 12 20 24]
[ 0  0  0  0  0  0  0  0  0  0  0  0  0  0  0  0  0  0  0  0  0  0  0 31  0  0  0  0  0  0  0  0  0  0  0  0  0  0  0  0  0  0  0  0  0  0]
[ 0  0  0  0  0  0  0  0  0  0  0  0  0  0  0  0  0  0  0  0  0  0  0  0 31  0  0  0  0  0  0  0  0  0  0  0  0  0  0  0  0  0  0  0  0  0]
[ 0  0  0  0  0  0  0  0  0  0  0  0  0  0  0  0  0  0  0  0  0  0  0  0  0 31  0  0  0  0  0  0  0  0  0  0  0  0  0  0  0  0  0  0  0  0]
[ 0  0  0  0  0  0  0  0  0  0  0  0  0  0  0  0  0  0  0  0  0  0  0  0  0  0 31  0  0  0  0  0  0  0  0  0  0  0  0  0  0  0  0  0  0  0]
[ 0  0  0  0  0  0  0  0  0  0  0  0  0  0  0  0  0  0  0  0  0  0  0  0  0  0  0 31  0  0  0  0  0  0  0  0  0  0  0  0  0  0  0  0  0  0]
[ 0  0  0  0  0  0  0  0  0  0  0  0  0  0  0  0  0  0  0  0  0  0  0  0  0  0  0  0 31  0  0  0  0  0  0  0  0  0  0  0  0  0  0  0  0  0]
[ 0  0  0  0  0  0  0  0  0  0  0  0  0  0  0  0  0  0  0  0  0  0  0  0  0  0  0  0  0 31  0  0  0  0  0  0  0  0  0  0  0  0  0  0  0  0]
[ 0  0  0  0  0  0  0  0  0  0  0  0  0  0  0  0  0  0  0  0  0  0  0  0  0  0  0  0  0  0 31  0  0  0  0  0  0  0  0  0  0  0  0  0  0  0]
[ 0  0  0  0  0  0  0  0  0  0  0  0  0  0  0  0  0  0  0  0  0  0  0  0  0  0  0  0  0  0  0 31  0  0  0  0  0  0  0  0  0  0  0  0  0  0]
[ 0  0  0  0  0  0  0  0  0  0  0  0  0  0  0  0  0  0  0  0  0  0  0  0  0  0  0  0  0  0  0  0 31  0  0  0  0  0  0  0  0  0  0  0  0  0]
[ 0  0  0  0  0  0  0  0  0  0  0  0  0  0  0  0  0  0  0  0  0  0  0  0  0  0  0  0  0  0  0  0  0 31  0  0  0  0  0  0  0  0  0  0  0  0]
[ 0  0  0  0  0  0  0  0  0  0  0  0  0  0  0  0  0  0  0  0  0  0  0  0  0  0  0  0  0  0  0  0  0  0 31  0  0  0  0  0  0  0  0  0  0  0]
[ 0  0  0  0  0  0  0  0  0  0  0  0  0  0  0  0  0  0  0  0  0  0  0  0  0  0  0  0  0  0  0  0  0  0  0 31  0  0  0  0  0  0  0  0  0  0]
[ 0  0  0  0  0  0  0  0  0  0  0  0  0  0  0  0  0  0  0  0  0  0  0  0  0  0  0  0  0  0  0  0  0  0  0  0 31  0  0  0  0  0  0  0  0  0]
[ 0  0  0  0  0  0  0  0  0  0  0  0  0  0  0  0  0  0  0  0  0  0  0  0  0  0  0  0  0  0  0  0  0  0  0  0  0 31  0  0  0  0  0  0  0  0]
[ 0  0  0  0  0  0  0  0  0  0  0  0  0  0  0  0  0  0  0  0  0  0  0  0  0  0  0  0  0  0  0  0  0  0  0  0  0  0 31  0  0  0  0  0  0  0]
[ 0  0  0  0  0  0  0  0  0  0  0  0  0  0  0  0  0  0  0  0  0  0  0  0  0  0  0  0  0  0  0  0  0  0  0  0  0  0  0 31  0  0  0  0  0  0]
[ 0  0  0  0  0  0  0  0  0  0  0  0  0  0  0  0  0  0  0  0  0  0  0  0  0  0  0  0  0  0  0  0  0  0  0  0  0  0  0  0 31  0  0  0  0  0]
[ 0  0  0  0  0  0  0  0  0  0  0  0  0  0  0  0  0  0  0  0  0  0  0  0  0  0  0  0  0  0  0  0  0  0  0  0  0  0  0  0  0 31  0  0  0  0]
[ 0  0  0  0  0  0  0  0  0  0  0  0  0  0  0  0  0  0  0  0  0  0  0  0  0  0  0  0  0  0  0  0  0  0  0  0  0  0  0  0  0  0 31  0  0  0]
[ 0  0  0  0  0  0  0  0  0  0  0  0  0  0  0  0  0  0  0  0  0  0  0  0  0  0  0  0  0  0  0  0  0  0  0  0  0  0  0  0  0  0  0 31  0  0]
[ 0  0  0  0  0  0  0  0  0  0  0  0  0  0  0  0  0  0  0  0  0  0  0  0  0  0  0  0  0  0  0  0  0  0  0  0  0  0  0  0  0  0  0  0 31  0]
[ 0  0  0  0  0  0  0  0  0  0  0  0  0  0  0  0  0  0  0  0  0  0  0  0  0  0  0  0  0  0  0  0  0  0  0  0  0  0  0  0  0  0  0  0  0 31]
sage: res = breakingntru_23.LLL()
sage: print(res)
______________________________________________________________________---------------------------------------------------------------------
[ 3  0  0  0  0  0  0  0  0  0  0  0  1 -3  0 -3  0  0  3 -3  0  0  0  0  0  0  0  0  0  0  0  0  0  0  0  0 -1  1  0  0  0  0  1  1  1  0]YES
[ 0  3  0  0  0  0  0  0  0  0  0  0  0  1 -3  0 -3  0  0  3 -3  0  0  0  0  0  0  0  0  0  0  0  0  0  0  0  0 -1  1  0  0  0  0  1  1  1]YES
[ 0  0  0  0  0  0  0 -1  3  0  3  0  0 -3  3  0  0  0 -3  0  0  0  0  0  0  0  0  0  0  0  0  1 -1  0  0  0  0 -1 -1 -1  0  0  0  0  0  0]YES
[ 0  0  0  0  0 -1  3  0  3  0  0 -3  3  0  0  0 -3  0  0  0  0  0  0  0  0  0  0  0  0  1 -1  0  0  0  0 -1 -1 -1  0  0  0  0  0  0  0  0]YES
[-3  0 -3  0  0  3 -3  0  0  0  3  0  0  0  0  0  0  0  0  0  0  0  1 -1  1  0  0  0  0  1  1  1  0  0  0  0  0  0  0  0  0  0  0  0  0  0]YES
[ 0  0  0  0  0  0  0  0  0 -1  3  0  3  0  0 -3  3  0  0  0 -3  0  0  0  0  0  0  0  0  0  0  0  0  1 -1  0  0  0  0 -1 -1 -1  0  0  0  0]YES
[ 0  0  3 -3  0  0  0  3  0  0  0  0  0  0  0  0  0  0  0  1 -3  0 -3  0  0  0  1  1  1  0  0  0  0  0  0  0  0  0  0  0  0  0  0 -1  1  0]YES
[ 0  0  0  0  0  0  0  0  0  0  0 -1  3  0  3  0  0 -3  3  0  0  0 -3  0  0  0  0  0  0  0  0  0  0  0  0  1 -1  0  0  0  0 -1 -1 -1  0  0]YES
[ 0  0  0  0  0  0  1 -3  0 -3  0  0  3 -3  0  0  0  3  0  0  0  0  0  0  0  0  0  0  0  0 -1  1  0  0  0  0  1  1  1  0  0  0  0  0  0  0]YES
[ 0  0  0  1 -3  0 -3  0  0  3 -3  0  0  0  3  0  0  0  0  0  0  0  0  0  0  0  0 -1  1  0  0  0  0  1  1  1  0  0  0  0  0  0  0  0  0  0]YES
[ 0  0 -1  3  0  3  0  0 -3  3  0  0  0 -3  0  0  0  0  0  0  0  0  0  0  0  0  1 -1  0  0  0  0 -1 -1 -1  0  0  0  0  0  0  0  0  0  0  0]YES
[ 3 -3  0  0  0  3  0  0  0  0  0  0  0  0  0  0  0  1 -3  0 -3  0  0  0  1  1  1  0  0  0  0  0  0  0  0  0  0  0  0  0  0 -1  1  0  0  0]YES
[-1  3  0  3  0  0 -3  3  0  0  0 -3  0  0  0  0  0  0  0  0  0  0  0  0  1 -1  0  0  0  0 -1 -1 -1  0  0  0  0  0  0  0  0  0  0  0  0  0]YES
[ 0  0  0  0  0  0  0  0 -1  3  0  3  0  0 -3  3  0  0  0 -3  0  0  0  0  0  0  0  0  0  0  0  0  1 -1  0  0  0  0 -1 -1 -1  0  0  0  0  0]YES
[ 0  0  3  0  0  0  0  0  0  0  0  0  0  0  1 -3  0 -3  0  0  3 -3  0  1  0  0  0  0  0  0  0  0  0  0  0  0  0  0 -1  1  0  0  0  0  1  1]YES
[ 3  0  0 -3  3  0  0  0 -3  0  0  0  0  0  0  0  0  0  0  0 -1  3  0  0  0  0  0 -1 -1 -1  0  0  0  0  0  0  0  0  0  0  0  0  0  0  1 -1]YES
[ 0  0  0 -3  0  0  0  0  0  0  0  0  0  0  0 -1  3  0  3  0  0 -3  3 -1 -1  0  0  0  0  0  0  0  0  0  0  0  0  0  0  1 -1  0  0  0  0 -1]YES
[-3  0  0  0  3  0  0  0  0  0  0  0  0  0  0  0  1 -3  0 -3  0  0  3  1  1  1  0  0  0  0  0  0  0  0  0  0  0  0  0  0 -1  1  0  0  0  0]YES
[ 0  0  0  0  0  0  0  0  0  0 -1  3  0  3  0  0 -3  3  0  0  0 -3  0  0  0  0  0  0  0  0  0  0  0  0  1 -1  0  0  0  0 -1 -1 -1  0  0  0]YES
[ 0  0  0  0  1 -3  0 -3  0  0  3 -3  0  0  0  3  0  0  0  0  0  0  0  0  0  0  0  0 -1  1  0  0  0  0  1  1  1  0  0  0  0  0  0  0  0  0]YES
[-2  0  3 -2 -5 -3  0 -2 -3 -1  0  1  0  2  0  1  3  2  0 -2  0  2  0  0 -1  0  0  0  0  0  0  0  2  2  1  1  2  2  0 -1  0  1  0 -1  0  1]NO
[ 0  1 -3  0 -3  0  0  3 -3  0  0  0  3  0  0  0  0  0  0  0  0  0  0  0  0 -1  1  0  0  0  0  1  1  1  0  0  0  0  0  0  0  0  0  0  0  0]YES
[ 0  3 -3  0  0  0  3  0  0  0  0  0  0  0  0  0  0  0  1 -3  0 -3  0  0  0  1  1  1  0  0  0  0  0  0  0  0  0  0  0  0  0  0 -1  1  0  0]YES
[ 0  3  0  0  3 -2  2 -2  0  1  0  2  0  0  2  3  2 -1  0  1  1  2  0  2 -2 -2  0 -1 -2 -1  1  1 -2 -1  1 -1 -1 -2  1  1 -4  0  1  1 -1  1]NO
[ 3  2  0  0  1 -1 -1  0  0  0  0  3  0  1  2 -1  0  1 -3  2  0  3 -1  2  2 -4 -1  2  1 -2  2  2 -1 -1  1  0 -1  0  1  0 -1 -1  1 -1 -1 -1]NO
[ 4  2 -2  2  3 -3  3 -1  0  0 -2 -2  0 -3  0  0 -3 -2 -2 -1 -2 -2  2 -1 -1  1 -1 -2  0  1 -2  0  0 -1 -1 -1  1 -1 -1  2  1  1 -1  0  4  0]NO
[ 0  0  0  0 -2  1  0 -1  0  0  0 -2  0  0 -1 -2  0 -1 -7  1 -1  0  0  3  0  1  2 -1 -1 -1  1  1 -1  3  1  1  0 -3  3  0 -2 -1  1 -1 -1  2]NO
[ 2  2  0  1  0  0  0  2 -1  3  2  2  0 -1  1  2  1 -3  0  0 -3  3  0  1  1  1 -1 -1  1 -3 -1 -1  1  2 -4  1  2  0 -1  0  1 -1 -2  1  0 -1]NO
[-1  3  2  0  0  1 -1 -1  1 -3  0 -3  3  0  4 -1 -1  0  1  0  2  0  3 -1  2  2 -4 -1  2  1 -2  2  1  0 -1  1  0 -1  1  2  1 -1 -1  1 -1 -1]NO
[ 1  0  0  1 -1 -1  1 -1  2  0 -4  1  5 -2  0  0  0  0  3  0  2  2  0 -1 -1  1 -3 -2  0  1  1 -3  1  3  1  0  1  2  0 -2  1  0 -1  1  1  1]NO
[ 0  0  1 -1 -1  3 -2  0  2  1  3 -1  0  2  0  3 -2 -1 -1  1  0  0 -2  0  1 -1  1  2  1  0  0  2 -1 -2  0  2  2 -4 -1  3  2 -1  2  1  0 -1]NO
[ 1 -3  0  0 -3  3  0  2  2  0  1  0  0  0  2 -1  3  2  2  0 -1  1  2  0  1 -1 -2  1  0 -1  1  1  1 -1 -1  1 -3 -1 -1  1  2 -4  1  2  0 -1]NO
[-4  1  1  3 -1  0 -2  0 -3  0  0 -1  0  0 -4 -1  1  2 -3  0  0  0  0  2  0 -2 -1  1  1 -1  1  1  1 -1 -3  3  2 -2 -1  0 -2 -1  1  2 -1  1]NO
[ 0 -2 -3 -2  0  3 -1  1  1  0  0  0  0 -3  0 -1 -2  2 -3 -1  0 -2  0  1  2 -1 -1  4  1 -2 -1  2 -2 -2  1  1 -1  0  1  0 -1 -1  2  1 -1  1]NO
[ 1  1  0  0  0  0 -3  0 -1 -2  1  0 -1  3 -2  0 -3  1 -3 -2  0  0 -1 -1  2 -2 -2  1  1 -1  0  1  0 -1  0  1  1 -1  1  1  1 -2 -2  4  1 -2]NO
[ 1  0 -1 -1 -2  0  0 -3  0  0 -3  2 -2  2  0 -1  0 -2  0  0 -2 -3 -2  4  0 -1 -1  1 -1 -2  2  2  0  1  2  1 -1 -1  2  1 -1  1  1  2 -1 -1]NO
[ 2  0  1  0  0  0  2  0  0  1  2  0  2  4 -1 -2  0  0  3 -3  0  0  2  1  1 -1 -1  1 -3 -1 -1  0  3 -3  0  2  0  0  1  1 -2 -3  1  0 -1  1]NO
[ 1 -2  0  4 -1 -4 -1  0 -3  0 -1  3 -3  1 -2  0 -1  3  0 -1  1 -2 -1 -1  3 -1 -3 -1  0 -2 -1  0  2 -1  1  1  0  0 -1  1  0 -2  2  2  0 -1]NO
[ 0  0  0 -3  0 -2 -2  0 -1  0  0 -1  1  1 -1  1 -2  0  4 -1 -5  2  0  0  2 -1  0  1 -1 -1 -1  1  1 -1  3  2  0 -1 -1  3 -1 -3 -1  0 -1 -2]NO
[ 0 -4  1 -2  0 -1  0 -2 -1  0  1  0 -2  0 -3  1  4  1  2  0  0  0  0 -1  0 -1 -2 -1  1  1 -1  1  2  0 -2 -2  4  1 -3 -1  0 -2 -1  0  1 -2]NO
[ 3 -2  0 -3  1 -3 -2  0  0 -1  1  1  0  0  0  0 -3  0 -1 -2  1  0 -1  1 -1  1  1  1 -2 -2  4  1 -2 -1  2 -2 -2  1  1 -1  0  1  0 -1  0  1]NO
[ 1 -2  0  3  0  0  1  1 -1 -1 -3 -2  2  2  1  2  2  4 -1  2  3 -4  1  0  2  1  0 -2  1  0 -3  0  1  1 -1 -1  3 -1 -1  1  1  1 -4 -1  1  0]NO
[-3 -2  0  2  0  2  2  4  2 -1  0 -1  1  4 -2 -3  3  0  0  0  4 -1  2  1 -1 -1  1 -1 -1  0  1  1 -3  0  1 -1 -1  2  1  0 -2  1  0 -2 -1  1]NO
[ 2  0  3 -1  3  2  0  0  1 -1 -1  0  0  0  0  3  0  1  2 -1  0  1 -3  1 -1 -1 -1  2  2 -4 -1  2  1 -2  2  2 -1 -1  1  0 -1  0  1  0 -1 -1]NO
[-1 -3  1  0 -2  0 -3  2  1  1 -1  0  0  2  0  0 -1  1  1 -3  2  0 -2  1  2  0 -2 -2  4  1 -3 -2  1 -2 -1  0  1  0 -1  1 -1 -2 -1  0  0 -2]NO
[ 0 -1  2 -2 -1  0  0  3  0 -3 -4  1  1  3 -1  0 -2  0 -3  1 -3 -2  0  1 -2 -1  1 -1 -1  0  1 -1  1  2  0 -2 -1  1  1 -1  1  1  1 -2 -2  4]NO

Frank's private key =